0000200000000000
0000000000000000
0000220000000000
0000000000000000
0000060000000000
0000000000000000
0000220000000000
0000000000000000
0000200000000000
0000000000000000
0000220000000000
0000000000000000
0000240000000000
0000000000000000
0000230000000000
0000000000000000
0000220000000000
0000000000000000
0000080000000000
0000000000000000
0000220000000000
0000000000000000
0000270000000000
0000000000000000
0000270000000000
0000000000000000
0000240000000000
0000000000000000
0000210000000000
0000000000000000
0000040000000000
0000000000000000
