0400000000000000
04002b0000000000
00002b0000000000
0000000000000000
0000000000000000
0000220000000000
0000000000000000
0000000000000000
00001f0000000000
0000000000000000
0000000000000000
0000230000000000
0000000000000000
0000000000000000
00001e0000000000
0000000000000000
0000000000000000
0000240000000000
0000000000000000
0000000000000000
00001f0000000000
0000000000000000
0000000000000000
00001f0000000000
0000000000000000
0000000000000000
00001e0000000000
0000000000000000
0000000000000000
00001e0000000000
0000000000000000
0000000000000000
0000040000000000
0000000000000000
0000000000000000
0000270000000000
0000000000000000
0000000000000000
0000240000000000
0000000000000000
0000000000000000
0000270000000000
0000000000000000
0000000000000000
0000270000000000
0000000000000000
0000000000000000
0000390000000000
0000000000000000
0000000000000000
0000060000000000
0000000000000000
0000000000000000
0000390000000000
0000000000000000
0000000000000000
0000090000000000
0000000000000000
0000000000000000
0000260000000000
0000000000000000
0000000000000000
0000270000000000
0000000000000000
0000000000000000
0000240000000000
0000000000000000
0000000000000000
0000200000000000
0000000000000000
0000000000000000
0000270000000000
0000000000000000
0000000000000000
0000270000000000
0000000000000000
0000000000000000
0000270000000000
0000000000000000
0000000000000000
0000270000000000
0000000000000000
0000000000000000
0000270000000000
0000000000000000
0000000000000000
0000070000000000
0000000000000000
0000000000000000
0000270000000000
0000000000000000
0000000000000000
0000270000000000
0000000000000000
0000000000000000
0000270000000000
0000000000000000
0000000000000000
0000270000000000
0000000000000000
0000000000000000
0000270000000000
0000000000000000
0000000000000000
0000270000000000
0000000000000000
0000000000000000
0000270000000000
0000000000000000
0000000000000000
0000270000000000
0000000000000000
0000000000000000
0000270000000000
0000000000000000
0000000000000000
0000270000000000
0000000000000000
0000000000000000
0000270000000000
0000000000000000
0000000000000000
0000270000000000
0000000000000000
0000000000000000
0000270000000000
0000000000000000
0000000000000000
0000270000000000
0000000000000000
0000000000000000
0000060000000000
0000000000000000
0000000000000000
0000210000000000
0000000000000000
0000000000000000
0000220000000000
0000000000000000
0000000000000000
00001f0000000000
0000000000000000
0000000000000000
0000240000000000
0000000000000000
0000000000000000
0000210000000000
0000000000000000
0000000000000000
00001f0000000000
0000000000000000
0000000000000000
0000210000000000
0000000000000000
0000000000000000
0000260000000000
0000000000000000
0000000000000000
0000210000000000
0000000000000000
0000000000000000
0000200000000000
0000000000000000
0000000000000000
0000220000000000
0000000000000000
0000000000000000
0000270000000000
0000000000000000
0000000000000000
0000270000000000
0000000000000000
0000000000000000
0000200000000000
0000000000000000
0000000000000000
0000270000000000
0000000000000000
0000000000000000
0000270000000000
0000000000000000
0000000000000000
0000270000000000
0000000000000000
0000000000000000
0000270000000000
0000000000000000
0000000000000000
0000270000000000
0000000000000000
0000000000000000
0000270000000000
0000000000000000
0000000000000000
0000270000000000
0000000000000000
0000000000000000
00001f0000000000
0000000000000000
0000000000000000
0000390000000000
0000000000000000
0000000000000000
0e04020c2000
0e04020a2000
0e0401052000
0e04020c2000
0e04020a2000
0000040000000000
0000000000000000
0000000000000000
0000270000000000
0000000000000000
0000000000000000
0000270000000000
0000000000000000
0000000000000000
0000270000000000
0000000000000000
0000000000000000
0000270000000000
0000000000000000
0000000000000000
0000270000000000
0000000000000000
0000000000000000
0000270000000000
0000000000000000
0000000000000000
0000390000000000
0000000000000000
0000000000000000
0000270000000000
0000000000000000
0000000000000000
00001f0000000000
0000000000000000
0000000000000000
0000200000000000
0000000000000000
0000220000000000
0000000000000000
0000050000000000
0000000000000000
0000000000000000
0000260000000000
0000000000000000
0000000000000000
0000090000000000
0000000000000000
0000000000000000
0000260000000000
0000000000000000
0000000000000000
0000050000000000
0000000000000000
0000000000000000
0000270000000000
0000000000000000
0000000000000000
0000220000000000
0000000000000000
0000000000000000
0000200000000000
0000000000000000
0000000000000000
0000270000000000
0000000000000000
0000000000000000
0000240000000000
0000000000000000
0000000000000000
0000240000000000
0000000000000000
0000000000000000
0000250000000000
0000000000000000
0000000000000000
0000050000000000
0000000000000000
0000000000000000
0000220000000000
0000000000000000
0000000000000000
0000220000000000
0000000000000000
0000000000000000
0000210000000000
0000000000000000
0000000000000000
00001e0000000000
0000000000000000
0000000000000000
0000070000000000
0000000000000000
0000000000000000
0000200000000000
0000000000000000
0000000000000000
0000200000000000
0000000000000000
0000000000000000
0000270000000000
0000000000000000
0000000000000000
0000250000000000
0000000000000000
0000000000000000
0000060000000000
0000000000000000
0000220000000000
0000000000000000
0000270000000000
0000000000000000
0000000000000000
0000270000000000
0000000000000000
0000000000000000
00001f0000000000
0000000000000000
0000000000000000
0000270000000000
0000000000000000
0000000000000000
0000270000000000
0000000000000000
0000000000000000
0000270000000000
0000000000000000
0000000000000000
0000270000000000
0000000000000000
0000000000000000
0000270000000000
0000000000000000
0000000000000000
0000270000000000
0000000000000000
0000000000000000
0000270000000000
0000000000000000
0000000000000000
0000230000000000
0000000000000000
0000000000000000
0000230000000000
0000000000000000
0000000000000000
0000230000000000
0000000000000000
0000000000000000
0000060000000000
0000000000000000
0000000000000000
0000230000000000
0000000000000000
0000000000000000
00001e0000000000
0000000000000000
0000000000000000
0000230000000000
0000000000000000
0000000000000000
0000240000000000
0000000000000000
0000000000000000
00001f0000000000
0000000000000000
0000000000000000
0000390000000000
0000000000000000
0000000000000000
0000080000000000
0000000000000000
0000000000000000
0000390000000000
0000000000000000
0000000000000000
0000240000000000
0000000000000000
0000000000000000
0000210000000000
0000000000000000
0000000000000000
0000240000000000
0000000000000000
0000000000000000
0000250000000000
0000000000000000
0000000000000000
0000240000000000
0000000000000000
0000000000000000
0000210000000000
0000000000000000
0000000000000000
0000390000000000
0000000000000000
0000000000000000
0000050000000000
0000000000000000
0000000000000000
0000260000000000
0000000000000000
0000000000000000
0000050000000000
0000000000000000
0000000000000000
0000390000000000
0000000000000000
0000000000000000
0000040000000000
0000000000000000
0000000000000000
0000270000000000
0000000000000000
0000000000000000
00001e0000000000
0000000000000000
0000000000000000
0000200000000000
0000000000000000
0000000000000000
00001f0000000000
0000000000000000
0000000000000000
0000200000000000
0000000000000000
0000220000000000
0000000000000000
0000240000000000
0000000000000000
0000230000000000
0000000000000000
0000210000000000
0000000000000000
0000000000000000
00001f0000000000
0000000000000000
0000000000000000
0000090000000000
0000000000000000
0000000000000000
0000200000000000
0000000000000000
0000000000000000
0000040000000000
0000000000000000
0000000000000000
0000390000000000
0000000000000000
0000000000000000
0000090000000000
0000000000000000
0000000000000000
0000060000000000
0000000000000000
0000000000000000
0000390000000000
0000000000000000
0000000000000000
0000270000000000
0000000000000000
0000000000000000
0000270000000000
0000000000000000
0000000000000000
0000270000000000
0000000000000000
0000000000000000
0000050000000000
0000000000000000
0000000000000000
0000270000000000
0000000000000000
0000000000000000
0000260000000000
0000000000000000
0000000000000000
00001f0000000000
0000000000000000
0000000000000000
0000060000000000
0000000000000000
0000000000000000
00001f0000000000
0000000000000000
0000000000000000
00001f0000000000
0000000000000000
0000000000000000
0000260000000000
0000000000000000
0000000000000000
0000070000000000
0000000000000000
0000000000000000
0000230000000000
0000000000000000
0000000000000000
0000080000000000
0000000000000000
0000000000000000
0000260000000000
0000000000000000
0000000000000000
0000260000000000
0000000000000000
0000000000000000
0000210000000000
0000000000000000
0000000000000000
00001e0000000000
0000000000000000
0000000000000000
0000230000000000
0000000000000000
0000000000000000
0000240000000000
0000000000000000
0000000000000000
0000060000000000
0000000000000000
0000000000000000
0000270000000000
0000000000000000
0000000000000000
0000220000000000
0000000000000000
0000000000000000
0000220000000000
0000000000000000
0000080000000000
0000000000000000
0000390000000000
0000000000000000
0000000000000000
0000040000000000
0000000000000000
0000000000000000
0000240000000000
0000000000000000
0000000000000000
0000390000000000
0000000000000000
0000000000000000
0000250000000000
0000000000000000
0000000000000000
0000240000000000
0000000000000000
0000000000000000
0000270000000000
0000000000000000
0000000000000000
0000250000000000
0000000000000000
0000000000000000
0000050000000000
0000000000000000
0000000000000000
00001f0000000000
0000000000000000
0000000000000000
0000240000000000
0000000000000000
0000000000000000
00001e0000000000
0000000000000000
0000000000000000
0000090000000000
0000000000000000
0000000000000000
0000390000000000
0000000000000000
0000000000000000
0000090000000000
0000000000000000
0000000000000000
0000060000000000
0000000000000000
0000000000000000
0000390000000000
0000000000000000
0000000000000000
0000270000000000
0000000000000000
0000000000000000
0000210000000000
0000000000000000
0000000000000000
00001f0000000000
0000000000000000
0000000000000000
0000040000000000
0000000000000000
0000000000000000
0000080000000000
0000000000000000
0000000000000000
0000200000000000
0000000000000000
0000000000000000
0000070000000000
0000000000000000
0000000000000000
00001f0000000000
0000000000000000
0000000000000000
0000220000000000
0000000000000000
0000000000000000
00001e0000000000
0000000000000000
0000000000000000
0000080000000000
0000000000000000
0000000000000000
0000230000000000
0000000000000000
0000000000000000
0000220000000000
0000000000000000
0000000000000000
0000220000000000
0000000000000000
0000000000000000
0000200000000000
0000000000000000
0000000000000000
0000230000000000
0000000000000000
0000000000000000
0000390000000000
0000000000000000
0000000000000000
0000090000000000
0000000000000000
0000000000000000
0000260000000000
0000000000000000
0000000000000000
0000040000000000
0000000000000000
0000000000000000
0000390000000000
0000000000000000
0000000000000000
0000070000000000
0000000000000000
0000000000000000
0000040000000000
0000000000000000
0000000000000000
0000220000000000
0000000000000000
0000270000000000
0000000000000000
0000250000000000
0000000000000000
0000000000000000
0000240000000000
0000000000000000
0000000000000000
0000060000000000
0000000000000000
0000000000000000
0000240000000000
0000000000000000
0000000000000000
0000240000000000
0000000000000000
0000000000000000
0000210000000000
0000000000000000
0000000000000000
0000270000000000
0000000000000000
0000000000000000
0000230000000000
0000000000000000
0000000000000000
0000050000000000
0000000000000000
0000000000000000
0000230000000000
0000000000000000
0000000000000000
0000240000000000
0000000000000000
0000000000000000
0000070000000000
0000000000000000
0000000000000000
0000270000000000
0000000000000000
0000000000000000
0000390000000000
0000000000000000
0000000000000000
0000080000000000
0000000000000000
0000000000000000
0000230000000000
0000000000000000
0000000000000000
0000200000000000
0000000000000000
0000000000000000
00001e0000000000
0000000000000000
0000000000000000
0000230000000000
0000000000000000
0000000000000000
0000230000000000
0000000000000000
0000000000000000
0000250000000000
0000000000000000
0000000000000000
0000210000000000
0000000000000000
0000000000000000
0000240000000000
0000000000000000
0000000000000000
0000230000000000
0000000000000000
0000000000000000
0000230000000000
0000000000000000
0000000000000000
0000390000000000
0000000000000000
0000000000000000
0000270000000000
0000000000000000
0000240000000000
0000000000000000
0000040000000000
0000000000000000
0000000000000000
0000250000000000
0000000000000000
0000000000000000
0000230000000000
0000000000000000
0000000000000000
0000080000000000
0000000000000000
0000000000000000
0000250000000000
0000000000000000
0000000000000000
0000210000000000
0000000000000000
0000000000000000
0000210000000000
0000000000000000
0000000000000000
0000070000000000
0000000000000000
0000000000000000
0000390000000000
0000000000000000
0000000000000000
0000060000000000
0000000000000000
0000000000000000
0000250000000000
0000000000000000
0000000000000000
00001e0000000000
0000000000000000
0000000000000000
0000040000000000
0000000000000000
0000000000000000
0000040000000000
0000000000000000
0000000000000000
00001f0000000000
0000000000000000
0000000000000000
0000390000000000
0000000000000000
0000000000000000
0000060000000000
0000000000000000
0000000000000000
0000240000000000
0000000000000000
0000000000000000
00001f0000000000
0000000000000000
0000000000000000
0000060000000000
0000000000000000
0000000000000000
0000240000000000
0000000000000000
0000000000000000
00001e0000000000
0000000000000000
0000000000000000
0000210000000000
0000000000000000
0000040000000000
0000000000000000
0000200000000000
0000000000000000
0000000000000000
0000210000000000
0000000000000000
0000000000000000
0000250000000000
0000000000000000
0000000000000000
0000070000000000
0000000000000000
0000000000000000
00001e0000000000
0000000000000000
0000000000000000
0000270000000000
0000000000000000
0000000000000000
0000060000000000
0000000000000000
0000000000000000
0000210000000000
0000000000000000
0000000000000000
0000390000000000
0000000000000000
0000000000000000
0000060000000000
0000000000000000
0000000000000000
00002a0000000000
0000000000000000
0000000000000000
0000200000000000
0000000000000000
0000000000000000
0000070000000000
0000000000000000
0000000000000000
0000240000000000
0000000000000000
0000000000000000
0000050000000000
0000000000000000
0000000000000000
0000390000000000
0000000000000000
0000000000000000
0000270000000000
0000000000000000
0000000000000000
0000270000000000
0000000000000000
0000000000000000
0000210000000000
0000000000000000
0000000000000000
0000270000000000
0000000000000000
0000000000000000
0000270000000000
0000000000000000
0000000000000000
0000240000000000
0000000000000000
0000000000000000
0000270000000000
0000000000000000
0000000000000000
0000270000000000
0000000000000000
0000000000000000
00000000000000
00ffff00000000
00ffff00000000
00feff00000000
00feff00000000
00feff00000000
00feff00000000
00feff00000000
00fdff00000000
00feff00000000
00feff00000000
00fdff00000000
00fdffffff0000
00fdffffff0000
00fcff00000000
00fdff00000000
00fdffffff0000
00fcffffff0000
00fcff00000000
00fcff00000000
00fcff00000000
00fcff00000000
00fbffffff0000
00fcffffff0000
00fcff00000000
00fbff00000000
00fbff00000000
00fbff00000000
00fbff00000000
00fbffffff0000
00faffffff0000
00fbff00000000
00fbff00000000
00faff00000000
00faff00000000
00faff00000000
00faff00000000
00faff00000000
00faffffff0000
00faffffff0000
00faff00000000
00f9ff00000000
00faff00000000
00faff00000000
00faff00000000
00f9ff00000000
00f9ff00000000
00faff00000000
00f9ff00000000
00f9ff00000000
00f9ff00000000
00f9ff00000000
00f9ff00000000
00f9ff00000000
00f9ff00000000
00f9ff00000000
00f9ff00000000
00f9ff00000000
00f9ff00000000
00f9ff00000000
00f8ff00000000
00f9ff00000000
00f8ff00000000
00f8ff00000000
00f8ff00000000
00f9ff00000000
00f9ff01000000
00f8ff01000000
00f8ff00000000
00f8ff00000000
00f9ff00000000
00f9ff00000000
00f8ff00000000
00f9ff00000000
00f9ff01000000
00f8ff01000000
00f9ff00000000
00f9ff00000000
00f9ff00000000
00f9ff00000000
00f9ff00000000
00faff00000000
00f9ff00000000
00f9ff00000000
00faff00000000
00f9ff00000000
00faff00000000
00faff00000000
00faff00000000
00faff00000000
00fbff01000000
00fbff01000000
00fbff00000000
00fcff00000000
00fcff00000000
00fcff00000000
00fcff00000000
00fcff00000000
00fdff00000000
00fcff00000000
00fdff00000000
00feff00000000
00fdff00000000
00fdff00000000
00feff01000000
00feff01000000
00feff00000000
00feff00000000
00feff00000000
00feff00000000
00feff00000000
00feff00000000
00feff00000000
00feff00000000
00feff00000000
00feff00000000
00feff00000000
00feff00000000
00feff00000000
00feff00000000
00feff00000000
00feff01000000
00feff01000000
00feff00000000
00ffff01000000
00feff01000000
00feff00000000
00ffff01000000
00ffff01000000
00ffff01000000
00ffff01000000
00feff01000000
00ffff02000000
00ffff01000000
00feff01000000
00feff02000000
00ffff02000000
00ffff01000000
00ffff01000000
00000002000000
00ffff02000000
00ffff02000000
00ffff01000000
00ffff01000000
00000002000000
00000002000000
00ffff02000000
00ffff02000000
00000002000000
00000002000000
00000002000000
00ffff02000000
00ffff02000000
00000003000000
00000002000000
00000002000000
00000003000000
00000004000000
00000004000000
00000003000000
00000003000000
00000004000000
00000004000000
00000004000000
00000004000000
00000004000000
00000004000000
00000004000000
00010004000000
00010004000000
00000004000000
00000004000000
00010004000000
00020004000000
00010003000000
00010003000000
00010004000000
00010004000000
00020003000000
00010003000000
00010003000000
00020003000000
00010003000000
00010002000000
00010002000000
00010003000000
00010003000000
00000002000000
00010003000000
00020004000000
00010003000000
00010002000000
00010002000000
00000002000000
00010002000000
00010002000000
00010001000000
00010002000000
00000002000000
01000000000000
00000000000000
0100000000000000
0100080000000000
